Multiple execution of SQLite: 
Query: 0: 
CREATE TABLE v0 ( c1, c2, c3 CHECK( c4 > 18446744071562067968 ), c4 ); 
CREATE INDEX i5 ON v0 ( c2 ); 
CREATE INDEX i6 ON v0 ( c4 ); 
INSERT INTO v0 VALUES ( 18446744071562067968, 0, 18446744071562067968, 18446744071562067968 ), ( 0, 18446744071562067968, 18446744071562067968, 18446744071562067968 ); 
CREATE TABLE v7 ( c8, c9, c10, c11, CHECK( c9 > 0 ) ); 
CREATE INDEX i12 ON v0 ( c3 ); 
INSERT INTO v7 VALUES ( 10, 18446744071562067968, 10, 9223372036854775807 ), ( 18446744071562067968, 18446744073709551488, 9223372036854775807, 0 ); 
INSERT INTO v0 VALUES ( 18446744071562067968, 0, 18446744071562067968, 4294967295 ); 
INSERT INTO v7 VALUES ( 9223372036854775807, 18446744071562067968, 18446744071562067968, 4294967295 ); 
ALTER TABLE v0 DROP c3; 
CREATE INDEX i13 ON v7 ( c9 ); 
CREATE INDEX i14 ON v7 ( c8 ); 
SELECT 'BEGIN VERI 0'; 
SELECT * FROM v7 AS a15 GROUP BY a15.c8, a15.c9 < a15.c9 ORDER BY 18446744071562067968; 
SELECT 'END VERI 0'; 
SELECT 'BEGIN VERI 0'; 
SELECT * FROM v7 AS a16 ORDER BY 18446744071562067968; 
SELECT 'END VERI 0'; 
SELECT 'BEGIN VERI 0'; 
SELECT * FROM v0 AS a17 GROUP BY a17.c4 HAVING count ( * ) >= 9223372036854775807 ORDER BY 18446744071562067968; 
SELECT 'END VERI 0'; 
SELECT 'BEGIN VERI 0'; 
SELECT a18.c9, max ( a18.c11 || a18.c10 ) FROM v7 AS a18 WHERE count ( * ) >= 9223372036854775807 = 'pear' ORDER BY 0; 
SELECT 'END VERI 0'; 
SELECT 'BEGIN VERI 0'; 
SELECT * FROM v0 AS a19, v0 AS a20 ORDER BY 18446744073709551488; 
SELECT 'END VERI 0'; 
SELECT 'BEGIN VERI 0'; 
SELECT * FROM v0 AS a21 WHERE a21.c1 NOT NULL ORDER BY 4294967295; 
SELECT 'END VERI 0'; 
SELECT 'BEGIN VERI 0'; 
SELECT count ( ( NOT ( a22.c9 IS NULL ) ) AND ( NOT ( a22.c8 IS NULL ) ) ) FROM v7 AS a22 ORDER BY 18446744071562067968; 
SELECT 'END VERI 0'; 
SELECT 'BEGIN VERI 0'; 
SELECT * FROM v0 AS a23 ORDER BY 1; 
SELECT 'END VERI 0'; 
SELECT 'BEGIN VERI 0'; 
SELECT * FROM v7 AS a24 ORDER BY + a24.c9; 
SELECT 'END VERI 0'; 
SELECT 'BEGIN VERI 0'; 
SELECT a25.c3, max ( a25.c2 || a25.c2 ) FROM v0 AS a25 ORDER BY 18446744071562067968; 
SELECT 'END VERI 0'; 

Result string: 
Runtime error near line 4: CHECK constraint failed: c4 > 18446744071562067968 (19)
Runtime error near line 8: CHECK constraint failed: c4 > 18446744071562067968 (19)
Runtime error near line 10: error in index i12 after drop column: no such column: c3
BEGIN VERI 0
10|1.84467440715621e+19|10|9223372036854775807
9223372036854775807|1.84467440715621e+19|1.84467440715621e+19|4294967295
1.84467440715621e+19|1.84467440737096e+19|9223372036854775807|0
END VERI 0
BEGIN VERI 0
10|1.84467440715621e+19|10|9223372036854775807
1.84467440715621e+19|1.84467440737096e+19|9223372036854775807|0
9223372036854775807|1.84467440715621e+19|1.84467440715621e+19|4294967295
END VERI 0
BEGIN VERI 0
END VERI 0
BEGIN VERI 0
Parse error near line 23: 1st ORDER BY term out of range - should be between 1 and 2
  nt ( * ) >= 9223372036854775807 = 'pear' ORDER BY 0; 
                                      error here ---^
END VERI 0
BEGIN VERI 0
END VERI 0
BEGIN VERI 0
END VERI 0
BEGIN VERI 0
3
END VERI 0
BEGIN VERI 0
END VERI 0
BEGIN VERI 0
10|1.84467440715621e+19|10|9223372036854775807
9223372036854775807|1.84467440715621e+19|1.84467440715621e+19|4294967295
1.84467440715621e+19|1.84467440737096e+19|9223372036854775807|0
END VERI 0
BEGIN VERI 0
|
END VERI 0

Query: 1: 
CREATE TABLE v0 ( c1, c2, c3 CHECK( c4 > 18446744071562067968 ), c4 ); 
; 
; 
INSERT INTO v0 VALUES ( 18446744071562067968, 0, 18446744071562067968, 18446744071562067968 ), ( 0, 18446744071562067968, 18446744071562067968, 18446744071562067968 ); 
CREATE TABLE v7 ( c8, c9, c10, c11, CHECK( c9 > 0 ) ); 
; 
INSERT INTO v7 VALUES ( 10, 18446744071562067968, 10, 9223372036854775807 ), ( 18446744071562067968, 18446744073709551488, 9223372036854775807, 0 ); 
INSERT INTO v0 VALUES ( 18446744071562067968, 0, 18446744071562067968, 4294967295 ); 
INSERT INTO v7 VALUES ( 9223372036854775807, 18446744071562067968, 18446744071562067968, 4294967295 ); 
ALTER TABLE v0 DROP c3; 
; 
; 
SELECT 'BEGIN VERI 0'; 
SELECT * FROM v7 AS a15 GROUP BY a15.c8, a15.c9 < a15.c9 ORDER BY 18446744071562067968; 
SELECT 'END VERI 0'; 
SELECT 'BEGIN VERI 0'; 
SELECT * FROM v7 AS a16 ORDER BY 18446744071562067968; 
SELECT 'END VERI 0'; 
SELECT 'BEGIN VERI 0'; 
SELECT * FROM v0 AS a17 GROUP BY a17.c4 HAVING count ( * ) >= 9223372036854775807 ORDER BY 18446744071562067968; 
SELECT 'END VERI 0'; 
SELECT 'BEGIN VERI 0'; 
SELECT a18.c9, max ( a18.c11 || a18.c10 ) FROM v7 AS a18 WHERE count ( * ) >= 9223372036854775807 = 'pear' ORDER BY 0; 
SELECT 'END VERI 0'; 
SELECT 'BEGIN VERI 0'; 
SELECT * FROM v0 AS a19, v0 AS a20 ORDER BY 18446744073709551488; 
SELECT 'END VERI 0'; 
SELECT 'BEGIN VERI 0'; 
SELECT * FROM v0 AS a21 WHERE a21.c1 NOT NULL ORDER BY 4294967295; 
SELECT 'END VERI 0'; 
SELECT 'BEGIN VERI 0'; 
SELECT count ( ( NOT ( a22.c9 IS NULL ) ) AND ( NOT ( a22.c8 IS NULL ) ) ) FROM v7 AS a22 ORDER BY 18446744071562067968; 
SELECT 'END VERI 0'; 
SELECT 'BEGIN VERI 0'; 
SELECT * FROM v0 AS a23 ORDER BY 1; 
SELECT 'END VERI 0'; 
SELECT 'BEGIN VERI 0'; 
SELECT * FROM v7 AS a24 ORDER BY + a24.c9; 
SELECT 'END VERI 0'; 
SELECT 'BEGIN VERI 0'; 
SELECT a25.c3, max ( a25.c2 || a25.c2 ) FROM v0 AS a25 ORDER BY 18446744071562067968; 
SELECT 'END VERI 0'; 

Result string: 
Runtime error near line 4: CHECK constraint failed: c4 > 18446744071562067968 (19)
Runtime error near line 8: CHECK constraint failed: c4 > 18446744071562067968 (19)
BEGIN VERI 0
10|1.84467440715621e+19|10|9223372036854775807
9223372036854775807|1.84467440715621e+19|1.84467440715621e+19|4294967295
1.84467440715621e+19|1.84467440737096e+19|9223372036854775807|0
END VERI 0
BEGIN VERI 0
10|1.84467440715621e+19|10|9223372036854775807
1.84467440715621e+19|1.84467440737096e+19|9223372036854775807|0
9223372036854775807|1.84467440715621e+19|1.84467440715621e+19|4294967295
END VERI 0
BEGIN VERI 0
END VERI 0
BEGIN VERI 0
Parse error near line 23: 1st ORDER BY term out of range - should be between 1 and 2
  nt ( * ) >= 9223372036854775807 = 'pear' ORDER BY 0; 
                                      error here ---^
END VERI 0
BEGIN VERI 0
END VERI 0
BEGIN VERI 0
END VERI 0
BEGIN VERI 0
3
END VERI 0
BEGIN VERI 0
END VERI 0
BEGIN VERI 0
10|1.84467440715621e+19|10|9223372036854775807
9223372036854775807|1.84467440715621e+19|1.84467440715621e+19|4294967295
1.84467440715621e+19|1.84467440737096e+19|9223372036854775807|0
END VERI 0
BEGIN VERI 0
Parse error near line 41: no such column: a25.c3
  SELECT a25.c3, max ( a25.c2 || a25.c2 ) FROM v0 AS a25 ORDER BY 18446744071562
         ^--- error here
END VERI 0


Final_res: 0
Detailed result: 


Result NUM: 0 
RESULT FLAGS: 1
Str: 
10|1.84467440715621e+19|10|9223372036854775807
9223372036854775807|1.84467440715621e+19|1.84467440715621e+19|4294967295
1.84467440715621e+19|1.84467440737096e+19|9223372036854775807|0
 
INT: 2 
Str: 
10|1.84467440715621e+19|10|9223372036854775807
9223372036854775807|1.84467440715621e+19|1.84467440715621e+19|4294967295
1.84467440715621e+19|1.84467440737096e+19|9223372036854775807|0
 
INT: 2 


Result NUM: 1 
RESULT FLAGS: 1
Str: 
10|1.84467440715621e+19|10|9223372036854775807
1.84467440715621e+19|1.84467440737096e+19|9223372036854775807|0
9223372036854775807|1.84467440715621e+19|1.84467440715621e+19|4294967295
 
INT: 2 
Str: 
10|1.84467440715621e+19|10|9223372036854775807
1.84467440715621e+19|1.84467440737096e+19|9223372036854775807|0
9223372036854775807|1.84467440715621e+19|1.84467440715621e+19|4294967295
 
INT: 2 


Result NUM: 2 
RESULT FLAGS: 1
Str: 
 
INT: -1 
Str: 
 
INT: -1 


Result NUM: 3 
RESULT FLAGS: 1
Str: 
Parse error near line 23: 1st ORDER BY term out of range - should be between 1 and 2
  nt ( * ) >= 9223372036854775807 = 'pear' ORDER BY 0; 
                                      error here ---^
 
INT: 2 
Str: 
Parse error near line 23: 1st ORDER BY term out of range - should be between 1 and 2
  nt ( * ) >= 9223372036854775807 = 'pear' ORDER BY 0; 
                                      error here ---^
 
INT: 2 


Result NUM: 4 
RESULT FLAGS: 1
Str: 
 
INT: -1 
Str: 
 
INT: -1 


Result NUM: 5 
RESULT FLAGS: 1
Str: 
 
INT: -1 
Str: 
 
INT: -1 


Result NUM: 6 
RESULT FLAGS: 1
Str: 
3
 
INT: 0 
Str: 
3
 
INT: 0 


Result NUM: 7 
RESULT FLAGS: 1
Str: 
 
INT: -1 
Str: 
 
INT: -1 


Result NUM: 8 
RESULT FLAGS: 1
Str: 
10|1.84467440715621e+19|10|9223372036854775807
9223372036854775807|1.84467440715621e+19|1.84467440715621e+19|4294967295
1.84467440715621e+19|1.84467440737096e+19|9223372036854775807|0
 
INT: 2 
Str: 
10|1.84467440715621e+19|10|9223372036854775807
9223372036854775807|1.84467440715621e+19|1.84467440715621e+19|4294967295
1.84467440715621e+19|1.84467440737096e+19|9223372036854775807|0
 
INT: 2 


Result NUM: 9 
RESULT FLAGS: 0
Str: 
|
 
INT: 0 
Str: 
Parse error near line 41: no such column: a25.c3
  SELECT a25.c3, max ( a25.c2 || a25.c2 ) FROM v0 AS a25 ORDER BY 18446744071562
         ^--- error here
 
INT: 2 
Compare_result_int: 
0



