Multiple execution of SQLite: 
Query: 0: 
CREATE TABLE v0 ( c1, c2, c3 CHECK( c1 > 18446744073709551488 ), c4 ); 
CREATE INDEX i5 ON v0 ( c4 ); 
INSERT INTO v0 VALUES ( 18446744073709551488, 18446744073709551488, 18446744073709551488, 18446744073709518848 ), ( 18446744073709518848, 18446744073709551488, 18446744073709551488, 18446744073709551488 ); 
CREATE TABLE v6 ( c7, c8, c9, c10, CHECK( c10 > 0 ) ); 
INSERT INTO v6 VALUES ( 18446744073709551488, 18446744073709551488, 4294967295, 18446744073709551488 ), ( 345, 18446744073709551488, 18446744073709518848, 18446744073709551488 ); 
CREATE INDEX i11 ON v6 ( c7 ); 
INSERT INTO v6 VALUES ( 18446744073709551488, 18446744073709551488, 0, 18446744073709551488 ); 
CREATE INDEX i12 ON v6 ( c7 ); 
CREATE INDEX i13 ON v0 ( c1 ); 
INSERT INTO v6 VALUES ( 18446744073709518848, 127, 18446744073709551488, 18446744073709518848 ); 
ALTER TABLE v0 DROP c4; 
CREATE INDEX i14 ON v6 ( c8 ); 
SELECT 'BEGIN VERI 0'; 
SELECT count ( a15.c8 ) FROM v6 AS a15 ORDER BY 18446744073709518848; 
SELECT 'END VERI 0'; 
SELECT 'BEGIN VERI 0'; 
SELECT a17.c7 = + a17.c8, a16.c10 FROM v6 AS a16 LEFT JOIN v6 AS a17 ON a17.c7 = a16.c7 GROUP BY y ( a17.c9 ) ORDER BY 18446744073709551488; 
SELECT 'END VERI 0'; 
SELECT 'BEGIN VERI 0'; 
SELECT * FROM v0 AS a18 ORDER BY max ( a18.c4 + a18.c3 * 0 ) + 18446744073709518848, min ( a18.c2, avg ( a18.c2 ) ) + 4294967295; 
SELECT 'END VERI 0'; 
SELECT 'BEGIN VERI 0'; 
SELECT * FROM v6 AS a19 GROUP BY a19.c9, abs ( a19.c7 ) ORDER BY 18446744073709551488; 
SELECT 'END VERI 0'; 
SELECT 'BEGIN VERI 0'; 
SELECT a20.c1, sum ( a20.c2 ) FROM v0 AS a20 GROUP BY a20.c1 ORDER BY 18446744073709518848; 
SELECT 'END VERI 0'; 
SELECT 'BEGIN VERI 0'; 
SELECT a21.c4 FROM v0 AS a21 ORDER BY a21.c3 COLLATE binary; 
SELECT 'END VERI 0'; 
SELECT 'BEGIN VERI 0'; 
SELECT * FROM v0 AS a22, v0 AS a23 ORDER BY 18446744073709551488; 
SELECT 'END VERI 0'; 
SELECT 'BEGIN VERI 0'; 
SELECT * FROM v0 AS a24 ORDER BY 18446744073709551488; 
SELECT 'END VERI 0'; 
SELECT 'BEGIN VERI 0'; 
SELECT * FROM v0 AS a25 ORDER BY 18446744073709551488; 
SELECT 'END VERI 0'; 
SELECT 'BEGIN VERI 0'; 
SELECT * FROM v6 AS a26 ORDER BY 18446744073709551488; 
SELECT 'END VERI 0'; 

Result string: 
Runtime error near line 3: CHECK constraint failed: c1 > 18446744073709551488 (19)
Runtime error near line 11: error in index i5 after drop column: no such column: c4
BEGIN VERI 0
4
END VERI 0
BEGIN VERI 0
Parse error near line 17: no such function: y
  6 LEFT JOIN v6 AS a17 ON a17.c7 = a16.c7 GROUP BY y ( a17.c9 ) ORDER BY 184467
                                      error here ---^
END VERI 0
BEGIN VERI 0
Parse error near line 20: misuse of aggregate: avg()
  18.c3 * 0 ) + 18446744073709518848, min ( a18.c2, avg ( a18.c2 ) ) + 429496729
                                      error here ---^
END VERI 0
BEGIN VERI 0
1.84467440737096e+19|1.84467440737096e+19|0|1.84467440737096e+19
1.84467440737096e+19|1.84467440737096e+19|4294967295|1.84467440737096e+19
345|1.84467440737096e+19|1.84467440737095e+19|1.84467440737096e+19
1.84467440737095e+19|127|1.84467440737096e+19|1.84467440737095e+19
END VERI 0
BEGIN VERI 0
END VERI 0
BEGIN VERI 0
END VERI 0
BEGIN VERI 0
END VERI 0
BEGIN VERI 0
END VERI 0
BEGIN VERI 0
END VERI 0
BEGIN VERI 0
1.84467440737096e+19|1.84467440737096e+19|4294967295|1.84467440737096e+19
345|1.84467440737096e+19|1.84467440737095e+19|1.84467440737096e+19
1.84467440737096e+19|1.84467440737096e+19|0|1.84467440737096e+19
1.84467440737095e+19|127|1.84467440737096e+19|1.84467440737095e+19
END VERI 0

Query: 1: 
CREATE TABLE v0 ( c1, c2, c3 CHECK( c1 > 18446744073709551488 ), c4 ); 
; 
INSERT INTO v0 VALUES ( 18446744073709551488, 18446744073709551488, 18446744073709551488, 18446744073709518848 ), ( 18446744073709518848, 18446744073709551488, 18446744073709551488, 18446744073709551488 ); 
CREATE TABLE v6 ( c7, c8, c9, c10, CHECK( c10 > 0 ) ); 
INSERT INTO v6 VALUES ( 18446744073709551488, 18446744073709551488, 4294967295, 18446744073709551488 ), ( 345, 18446744073709551488, 18446744073709518848, 18446744073709551488 ); 
; 
INSERT INTO v6 VALUES ( 18446744073709551488, 18446744073709551488, 0, 18446744073709551488 ); 
; 
; 
INSERT INTO v6 VALUES ( 18446744073709518848, 127, 18446744073709551488, 18446744073709518848 ); 
ALTER TABLE v0 DROP c4; 
; 
SELECT 'BEGIN VERI 0'; 
SELECT count ( a15.c8 ) FROM v6 AS a15 ORDER BY 18446744073709518848; 
SELECT 'END VERI 0'; 
SELECT 'BEGIN VERI 0'; 
SELECT a17.c7 = + a17.c8, a16.c10 FROM v6 AS a16 LEFT JOIN v6 AS a17 ON a17.c7 = a16.c7 GROUP BY y ( a17.c9 ) ORDER BY 18446744073709551488; 
SELECT 'END VERI 0'; 
SELECT 'BEGIN VERI 0'; 
SELECT * FROM v0 AS a18 ORDER BY max ( a18.c4 + a18.c3 * 0 ) + 18446744073709518848, min ( a18.c2, avg ( a18.c2 ) ) + 4294967295; 
SELECT 'END VERI 0'; 
SELECT 'BEGIN VERI 0'; 
SELECT * FROM v6 AS a19 GROUP BY a19.c9, abs ( a19.c7 ) ORDER BY 18446744073709551488; 
SELECT 'END VERI 0'; 
SELECT 'BEGIN VERI 0'; 
SELECT a20.c1, sum ( a20.c2 ) FROM v0 AS a20 GROUP BY a20.c1 ORDER BY 18446744073709518848; 
SELECT 'END VERI 0'; 
SELECT 'BEGIN VERI 0'; 
SELECT a21.c4 FROM v0 AS a21 ORDER BY a21.c3 COLLATE binary; 
SELECT 'END VERI 0'; 
SELECT 'BEGIN VERI 0'; 
SELECT * FROM v0 AS a22, v0 AS a23 ORDER BY 18446744073709551488; 
SELECT 'END VERI 0'; 
SELECT 'BEGIN VERI 0'; 
SELECT * FROM v0 AS a24 ORDER BY 18446744073709551488; 
SELECT 'END VERI 0'; 
SELECT 'BEGIN VERI 0'; 
SELECT * FROM v0 AS a25 ORDER BY 18446744073709551488; 
SELECT 'END VERI 0'; 
SELECT 'BEGIN VERI 0'; 
SELECT * FROM v6 AS a26 ORDER BY 18446744073709551488; 
SELECT 'END VERI 0'; 

Result string: 
Runtime error near line 3: CHECK constraint failed: c1 > 18446744073709551488 (19)
BEGIN VERI 0
4
END VERI 0
BEGIN VERI 0
Parse error near line 17: no such function: y
  6 LEFT JOIN v6 AS a17 ON a17.c7 = a16.c7 GROUP BY y ( a17.c9 ) ORDER BY 184467
                                      error here ---^
END VERI 0
BEGIN VERI 0
Parse error near line 20: no such column: a18.c4
  SELECT * FROM v0 AS a18 ORDER BY max ( a18.c4 + a18.c3 * 0 ) + 184467440737095
                           error here ---^
END VERI 0
BEGIN VERI 0
1.84467440737096e+19|1.84467440737096e+19|0|1.84467440737096e+19
1.84467440737096e+19|1.84467440737096e+19|4294967295|1.84467440737096e+19
345|1.84467440737096e+19|1.84467440737095e+19|1.84467440737096e+19
1.84467440737095e+19|127|1.84467440737096e+19|1.84467440737095e+19
END VERI 0
BEGIN VERI 0
END VERI 0
BEGIN VERI 0
Parse error near line 29: no such column: a21.c4
  SELECT a21.c4 FROM v0 AS a21 ORDER BY a21.c3 COLLATE binary; 
         ^--- error here
END VERI 0
BEGIN VERI 0
END VERI 0
BEGIN VERI 0
END VERI 0
BEGIN VERI 0
END VERI 0
BEGIN VERI 0
1.84467440737096e+19|1.84467440737096e+19|4294967295|1.84467440737096e+19
345|1.84467440737096e+19|1.84467440737095e+19|1.84467440737096e+19
1.84467440737096e+19|1.84467440737096e+19|0|1.84467440737096e+19
1.84467440737095e+19|127|1.84467440737096e+19|1.84467440737095e+19
END VERI 0


Final_res: 0
Detailed result: 


Result NUM: 0 
RESULT FLAGS: 1
Str: 
4
 
INT: 0 
Str: 
4
 
INT: 0 


Result NUM: 1 
RESULT FLAGS: 1
Str: 
Parse error near line 17: no such function: y
  6 LEFT JOIN v6 AS a17 ON a17.c7 = a16.c7 GROUP BY y ( a17.c9 ) ORDER BY 184467
                                      error here ---^
 
INT: 2 
Str: 
Parse error near line 17: no such function: y
  6 LEFT JOIN v6 AS a17 ON a17.c7 = a16.c7 GROUP BY y ( a17.c9 ) ORDER BY 184467
                                      error here ---^
 
INT: 2 


Result NUM: 2 
RESULT FLAGS: 1
Str: 
Parse error near line 20: misuse of aggregate: avg()
  18.c3 * 0 ) + 18446744073709518848, min ( a18.c2, avg ( a18.c2 ) ) + 429496729
                                      error here ---^
 
INT: 2 
Str: 
Parse error near line 20: no such column: a18.c4
  SELECT * FROM v0 AS a18 ORDER BY max ( a18.c4 + a18.c3 * 0 ) + 184467440737095
                           error here ---^
 
INT: 2 


Result NUM: 3 
RESULT FLAGS: 1
Str: 
1.84467440737096e+19|1.84467440737096e+19|0|1.84467440737096e+19
1.84467440737096e+19|1.84467440737096e+19|4294967295|1.84467440737096e+19
345|1.84467440737096e+19|1.84467440737095e+19|1.84467440737096e+19
1.84467440737095e+19|127|1.84467440737096e+19|1.84467440737095e+19
 
INT: 3 
Str: 
1.84467440737096e+19|1.84467440737096e+19|0|1.84467440737096e+19
1.84467440737096e+19|1.84467440737096e+19|4294967295|1.84467440737096e+19
345|1.84467440737096e+19|1.84467440737095e+19|1.84467440737096e+19
1.84467440737095e+19|127|1.84467440737096e+19|1.84467440737095e+19
 
INT: 3 


Result NUM: 4 
RESULT FLAGS: 1
Str: 
 
INT: -1 
Str: 
 
INT: -1 


Result NUM: 5 
RESULT FLAGS: 0
Str: 
 
INT: -1 
Str: 
Parse error near line 29: no such column: a21.c4
  SELECT a21.c4 FROM v0 AS a21 ORDER BY a21.c3 COLLATE binary; 
         ^--- error here
 
INT: 2 


Result NUM: 6 
RESULT FLAGS: 1
Str: 
 
INT: -1 
Str: 
 
INT: -1 


Result NUM: 7 
RESULT FLAGS: 1
Str: 
 
INT: -1 
Str: 
 
INT: -1 


Result NUM: 8 
RESULT FLAGS: 1
Str: 
 
INT: -1 
Str: 
 
INT: -1 


Result NUM: 9 
RESULT FLAGS: 1
Str: 
1.84467440737096e+19|1.84467440737096e+19|4294967295|1.84467440737096e+19
345|1.84467440737096e+19|1.84467440737095e+19|1.84467440737096e+19
1.84467440737096e+19|1.84467440737096e+19|0|1.84467440737096e+19
1.84467440737095e+19|127|1.84467440737096e+19|1.84467440737095e+19
 
INT: 3 
Str: 
1.84467440737096e+19|1.84467440737096e+19|4294967295|1.84467440737096e+19
345|1.84467440737096e+19|1.84467440737095e+19|1.84467440737096e+19
1.84467440737096e+19|1.84467440737096e+19|0|1.84467440737096e+19
1.84467440737095e+19|127|1.84467440737096e+19|1.84467440737095e+19
 
INT: 3 
Compare_result_int: 
0



