Multiple execution of SQLite: 
Query: 0: 
CREATE TABLE v0 ( c1, c2, c3 CHECK( c1 > 4294967295 ), c4 ); 
INSERT INTO v0 VALUES ( 18446744073709551488, 8, 4294967295, 4294967295 ), ( 18446744073709551615, 4294967295, 18446744073709551615, 18446744073709551488 ); 
CREATE INDEX i5 ON v0 ( c3 ); 
INSERT INTO v0 SELECT * FROM ( SELECT 4294967295 FROM v0 AS a7, v0 AS a8 NATURAL JOIN v0 AS a9 ORDER BY 4294967295 ) AS y, v0 AS a6 ON likely ( 4294967295 OR 18446744073709551615 ) OR 100 ORDER BY 4294967295; 
INSERT INTO v0 VALUES ( 4294967295, 100, 0, 18446744073709551615 ), ( 4294967295, 18446744073709518848, 487, 18446744073709551615 ); 
CREATE INDEX i10 ON v0 ( c2 ); 
CREATE INDEX i11 ON v0 ( c3 ); 
INSERT INTO v0 VALUES ( 18446744073709551488, 18446744073709518848, 4294967295, 18446744073709551615 ); 
CREATE INDEX i12 ON v0 ( c2 ); 
CREATE INDEX i13 ON v0 ( c2 ); 
INSERT INTO v0 VALUES ( 18446744073709551488, 100, 4294967295, 0 ); 
ALTER TABLE v0 DROP c3; 
SELECT 'BEGIN VERI 0'; 
WITH v14 ( c16 ) AS ( SELECT 'x1' ORDER BY 18446744073709551615 ) SELECT * FROM v14 AS a15 LEFT JOIN ( SELECT count ( * ) AS y, c16 FROM ( v14 AS a17 NATURAL JOIN v14 AS a18 ) AS y WHERE c16 > 0 GROUP BY c16 ORDER BY 4294967295 ) AS y ON c16 = y ( c16 ) ORDER BY 0; 
SELECT 'END VERI 0'; 
SELECT 'BEGIN VERI 0'; 
SELECT a20.c2, a20.c4 FROM v0 AS a19 RIGHT JOIN v0 AS a20 ON a19.c1 = a20.c3 > 4294967295 ORDER BY 45; 
SELECT 'END VERI 0'; 
SELECT 'BEGIN VERI 0'; 
SELECT count ( a21.c3 ) FROM v0 AS a21 ORDER BY 4294967295; 
SELECT 'END VERI 0'; 
SELECT 'BEGIN VERI 0'; 
SELECT * FROM v0 AS a22 ORDER BY 18446744073709518848; 
SELECT 'END VERI 0'; 
SELECT 'BEGIN VERI 0'; 
SELECT * FROM v0 AS a23 ORDER BY 18446744073709551488; 
SELECT 'END VERI 0'; 
SELECT 'BEGIN VERI 0'; 
SELECT a24.c4 FROM v0 AS a24 ORDER BY 18446744073709551615; 
SELECT 'END VERI 0'; 
SELECT 'BEGIN VERI 0'; 
SELECT a25.c2 != 'v0' FROM v0 AS a25 ORDER BY 100; 
SELECT 'END VERI 0'; 
SELECT 'BEGIN VERI 0'; 
SELECT * FROM v0 AS a26 GROUP BY y ( a26.c4, a26.c3, a26.c4, a26.c1, a26.c1, a26.c3, a26.c3, a26.c1, a26.c2, a26.c1, a26.c3, a26.c3, a26.c4, a26.c3, a26.c4, a26.c1, a26.c2 ) ORDER BY 0; 
SELECT 'END VERI 0'; 
SELECT 'BEGIN VERI 0'; 
SELECT * FROM v0 AS a27 ORDER BY a27.c4 COLLATE NOCASE; 
SELECT 'END VERI 0'; 
SELECT 'BEGIN VERI 0'; 
WITH RECURSIVE v28 ( c30 ) AS ( SELECT 0 ORDER BY 4294967295 ) SELECT * FROM v28 AS a29 ORDER BY 18446744073709551615; 
SELECT 'END VERI 0'; 

Result string: 
Parse error near line 4: table v0 has 4 columns but 5 values were supplied
Runtime error near line 5: CHECK constraint failed: c1 > 4294967295 (19)
Runtime error near line 12: error in index i5 after drop column: no such column: c3
BEGIN VERI 0
Parse error near line 14: ambiguous column name: c16
END VERI 0
BEGIN VERI 0
Parse error near line 17: 1st ORDER BY term out of range - should be between 1 and 2
END VERI 0
BEGIN VERI 0
4
END VERI 0
BEGIN VERI 0
1.84467440737096e+19|8|4294967295|4294967295
1.84467440737096e+19|4294967295|1.84467440737096e+19|1.84467440737096e+19
1.84467440737096e+19|1.84467440737095e+19|4294967295|1.84467440737096e+19
1.84467440737096e+19|100|4294967295|0
END VERI 0
BEGIN VERI 0
1.84467440737096e+19|8|4294967295|4294967295
1.84467440737096e+19|4294967295|1.84467440737096e+19|1.84467440737096e+19
1.84467440737096e+19|1.84467440737095e+19|4294967295|1.84467440737096e+19
1.84467440737096e+19|100|4294967295|0
END VERI 0
BEGIN VERI 0
4294967295
1.84467440737096e+19
1.84467440737096e+19
0
END VERI 0
BEGIN VERI 0
Parse error near line 32: 1st ORDER BY term out of range - should be between 1 and 1
END VERI 0
BEGIN VERI 0
Parse error near line 35: 1st ORDER BY term out of range - should be between 1 and 4
  a26.c4, a26.c3, a26.c4, a26.c1, a26.c2 ) ORDER BY 0; 
                                      error here ---^
END VERI 0
BEGIN VERI 0
1.84467440737096e+19|100|4294967295|0
1.84467440737096e+19|8|4294967295|4294967295
1.84467440737096e+19|4294967295|1.84467440737096e+19|1.84467440737096e+19
1.84467440737096e+19|1.84467440737095e+19|4294967295|1.84467440737096e+19
END VERI 0
BEGIN VERI 0
0
END VERI 0

Query: 1: 
CREATE TABLE v0 ( c1, c2, c3 CHECK( c1 > 4294967295 ), c4 ); 
INSERT INTO v0 VALUES ( 18446744073709551488, 8, 4294967295, 4294967295 ), ( 18446744073709551615, 4294967295, 18446744073709551615, 18446744073709551488 ); 
; 
INSERT INTO v0 SELECT * FROM ( SELECT 4294967295 FROM v0 AS a7, v0 AS a8 NATURAL JOIN v0 AS a9 ORDER BY 4294967295 ) AS y, v0 AS a6 ON likely ( 4294967295 OR 18446744073709551615 ) OR 100 ORDER BY 4294967295; 
INSERT INTO v0 VALUES ( 4294967295, 100, 0, 18446744073709551615 ), ( 4294967295, 18446744073709518848, 487, 18446744073709551615 ); 
; 
; 
INSERT INTO v0 VALUES ( 18446744073709551488, 18446744073709518848, 4294967295, 18446744073709551615 ); 
; 
; 
INSERT INTO v0 VALUES ( 18446744073709551488, 100, 4294967295, 0 ); 
ALTER TABLE v0 DROP c3; 
SELECT 'BEGIN VERI 0'; 
WITH v14 ( c16 ) AS ( SELECT 'x1' ORDER BY 18446744073709551615 ) SELECT * FROM v14 AS a15 LEFT JOIN ( SELECT count ( * ) AS y, c16 FROM ( v14 AS a17 NATURAL JOIN v14 AS a18 ) AS y WHERE c16 > 0 GROUP BY c16 ORDER BY 4294967295 ) AS y ON c16 = y ( c16 ) ORDER BY 0; 
SELECT 'END VERI 0'; 
SELECT 'BEGIN VERI 0'; 
SELECT a20.c2, a20.c4 FROM v0 AS a19 RIGHT JOIN v0 AS a20 ON a19.c1 = a20.c3 > 4294967295 ORDER BY 45; 
SELECT 'END VERI 0'; 
SELECT 'BEGIN VERI 0'; 
SELECT count ( a21.c3 ) FROM v0 AS a21 ORDER BY 4294967295; 
SELECT 'END VERI 0'; 
SELECT 'BEGIN VERI 0'; 
SELECT * FROM v0 AS a22 ORDER BY 18446744073709518848; 
SELECT 'END VERI 0'; 
SELECT 'BEGIN VERI 0'; 
SELECT * FROM v0 AS a23 ORDER BY 18446744073709551488; 
SELECT 'END VERI 0'; 
SELECT 'BEGIN VERI 0'; 
SELECT a24.c4 FROM v0 AS a24 ORDER BY 18446744073709551615; 
SELECT 'END VERI 0'; 
SELECT 'BEGIN VERI 0'; 
SELECT a25.c2 != 'v0' FROM v0 AS a25 ORDER BY 100; 
SELECT 'END VERI 0'; 
SELECT 'BEGIN VERI 0'; 
SELECT * FROM v0 AS a26 GROUP BY y ( a26.c4, a26.c3, a26.c4, a26.c1, a26.c1, a26.c3, a26.c3, a26.c1, a26.c2, a26.c1, a26.c3, a26.c3, a26.c4, a26.c3, a26.c4, a26.c1, a26.c2 ) ORDER BY 0; 
SELECT 'END VERI 0'; 
SELECT 'BEGIN VERI 0'; 
SELECT * FROM v0 AS a27 ORDER BY a27.c4 COLLATE NOCASE; 
SELECT 'END VERI 0'; 
SELECT 'BEGIN VERI 0'; 
WITH RECURSIVE v28 ( c30 ) AS ( SELECT 0 ORDER BY 4294967295 ) SELECT * FROM v28 AS a29 ORDER BY 18446744073709551615; 
SELECT 'END VERI 0'; 

Result string: 
Parse error near line 4: table v0 has 4 columns but 5 values were supplied
Runtime error near line 5: CHECK constraint failed: c1 > 4294967295 (19)
BEGIN VERI 0
Parse error near line 14: ambiguous column name: c16
END VERI 0
BEGIN VERI 0
Parse error near line 17: no such column: a20.c3
END VERI 0
BEGIN VERI 0
Parse error near line 20: no such column: a21.c3
  SELECT count ( a21.c3 ) FROM v0 AS a21 ORDER BY 4294967295; 
                 ^--- error here
END VERI 0
BEGIN VERI 0
1.84467440737096e+19|8|4294967295
1.84467440737096e+19|4294967295|1.84467440737096e+19
1.84467440737096e+19|1.84467440737095e+19|1.84467440737096e+19
1.84467440737096e+19|100|0
END VERI 0
BEGIN VERI 0
1.84467440737096e+19|8|4294967295
1.84467440737096e+19|4294967295|1.84467440737096e+19
1.84467440737096e+19|1.84467440737095e+19|1.84467440737096e+19
1.84467440737096e+19|100|0
END VERI 0
BEGIN VERI 0
4294967295
1.84467440737096e+19
1.84467440737096e+19
0
END VERI 0
BEGIN VERI 0
Parse error near line 32: 1st ORDER BY term out of range - should be between 1 and 1
END VERI 0
BEGIN VERI 0
Parse error near line 35: 1st ORDER BY term out of range - should be between 1 and 3
  a26.c4, a26.c3, a26.c4, a26.c1, a26.c2 ) ORDER BY 0; 
                                      error here ---^
END VERI 0
BEGIN VERI 0
1.84467440737096e+19|100|0
1.84467440737096e+19|8|4294967295
1.84467440737096e+19|4294967295|1.84467440737096e+19
1.84467440737096e+19|1.84467440737095e+19|1.84467440737096e+19
END VERI 0
BEGIN VERI 0
0
END VERI 0


Final_res: 0
Detailed result: 


Result NUM: 0 
RESULT FLAGS: 1
Str: 
Parse error near line 14: ambiguous column name: c16
 
INT: 0 
Str: 
Parse error near line 14: ambiguous column name: c16
 
INT: 0 


Result NUM: 1 
RESULT FLAGS: 1
Str: 
Parse error near line 17: 1st ORDER BY term out of range - should be between 1 and 2
 
INT: 0 
Str: 
Parse error near line 17: no such column: a20.c3
 
INT: 0 


Result NUM: 2 
RESULT FLAGS: 0
Str: 
4
 
INT: 0 
Str: 
Parse error near line 20: no such column: a21.c3
  SELECT count ( a21.c3 ) FROM v0 AS a21 ORDER BY 4294967295; 
                 ^--- error here
 
INT: 2 


Result NUM: 3 
RESULT FLAGS: 1
Str: 
1.84467440737096e+19|8|4294967295|4294967295
1.84467440737096e+19|4294967295|1.84467440737096e+19|1.84467440737096e+19
1.84467440737096e+19|1.84467440737095e+19|4294967295|1.84467440737096e+19
1.84467440737096e+19|100|4294967295|0
 
INT: 3 
Str: 
1.84467440737096e+19|8|4294967295
1.84467440737096e+19|4294967295|1.84467440737096e+19
1.84467440737096e+19|1.84467440737095e+19|1.84467440737096e+19
1.84467440737096e+19|100|0
 
INT: 3 


Result NUM: 4 
RESULT FLAGS: 1
Str: 
1.84467440737096e+19|8|4294967295|4294967295
1.84467440737096e+19|4294967295|1.84467440737096e+19|1.84467440737096e+19
1.84467440737096e+19|1.84467440737095e+19|4294967295|1.84467440737096e+19
1.84467440737096e+19|100|4294967295|0
 
INT: 3 
Str: 
1.84467440737096e+19|8|4294967295
1.84467440737096e+19|4294967295|1.84467440737096e+19
1.84467440737096e+19|1.84467440737095e+19|1.84467440737096e+19
1.84467440737096e+19|100|0
 
INT: 3 


Result NUM: 5 
RESULT FLAGS: 1
Str: 
4294967295
1.84467440737096e+19
1.84467440737096e+19
0
 
INT: 3 
Str: 
4294967295
1.84467440737096e+19
1.84467440737096e+19
0
 
INT: 3 


Result NUM: 6 
RESULT FLAGS: 1
Str: 
Parse error near line 32: 1st ORDER BY term out of range - should be between 1 and 1
 
INT: 0 
Str: 
Parse error near line 32: 1st ORDER BY term out of range - should be between 1 and 1
 
INT: 0 


Result NUM: 7 
RESULT FLAGS: 1
Str: 
Parse error near line 35: 1st ORDER BY term out of range - should be between 1 and 4
  a26.c4, a26.c3, a26.c4, a26.c1, a26.c2 ) ORDER BY 0; 
                                      error here ---^
 
INT: 2 
Str: 
Parse error near line 35: 1st ORDER BY term out of range - should be between 1 and 3
  a26.c4, a26.c3, a26.c4, a26.c1, a26.c2 ) ORDER BY 0; 
                                      error here ---^
 
INT: 2 


Result NUM: 8 
RESULT FLAGS: 1
Str: 
1.84467440737096e+19|100|4294967295|0
1.84467440737096e+19|8|4294967295|4294967295
1.84467440737096e+19|4294967295|1.84467440737096e+19|1.84467440737096e+19
1.84467440737096e+19|1.84467440737095e+19|4294967295|1.84467440737096e+19
 
INT: 3 
Str: 
1.84467440737096e+19|100|0
1.84467440737096e+19|8|4294967295
1.84467440737096e+19|4294967295|1.84467440737096e+19
1.84467440737096e+19|1.84467440737095e+19|1.84467440737096e+19
 
INT: 3 


Result NUM: 9 
RESULT FLAGS: 1
Str: 
0
 
INT: 0 
Str: 
0
 
INT: 0 
Compare_result_int: 
0



